80
1 3 1 3
2 1 3 10
3 8 73 14
4 20 10 8
5 15 2 40
6 19 32 2
7 17 10 11
8 8 62 73
9 7 19 78
10 13 39 24
11 6 63 13
12 5 11 15
13 18 15 55
14 17 55 56
15 5 56 20
16 6 24 80
17 20 43 11
18 8 29 1
19 16 45 39
20 6 51 5
21 2 21 40
22 7 56 20
23 13 61 67
24 6 38 65
25 18 51 4
26 8 27 63
27 15 5 6
28 20 56 20
29 10 44 52
30 18 8 20
31 20 72 2
32 6 25 20
33 11 4 34
34 12 47 49
35 2 45 11
36 5 61 52
37 14 8 14
38 11 70 52
39 8 41 64
40 4 74 79
41 10 37 7
42 16 35 3
43 9 20 59
44 3 54 25
45 20 55 70
46 12 59 56
47 18 47 79
48 9 79 16
49 8 1 76
50 11 10 66
51 16 27 26
52 15 57 22
53 13 72 59
54 19 72 64
55 8 32 48
56 12 50 38
57 10 11 53
58 6 27 55
59 16 51 68
60 14 32 58
61 5 8 38
62 15 48 29
63 1 5 21
64 15 53 25
65 17 39 56
66 6 17 21
67 9 11 30
68 8 40 5
69 12 23 29
70 7 27 60
71 11 77 66
72 10 20 37
73 2 45 40
74 1 71 32
75 5 33 72
76 14 24 56
77 4 16 58
78 12 79 58
79 13 36 34
80 14 55 37
