70
1 5 1 2
2 3 2 3
3 6 3 4
4 8 4 5
5 7 5 6
6 2 6 7
7 4 7 8
8 9 8 9
9 3 9 10
10 5 10 11
11 7 11 12
12 1 12 13
13 6 13 14
14 8 14 15
15 4 15 16
16 5 16 17
17 7 17 18
18 2 18 19
19 9 19 20
20 3 20 1
21 6 2 5
22 5 3 6
23 7 4 7
24 2 5 8
25 4 6 9
26 8 7 10
27 3 8 11
28 9 9 12
29 5 10 13
30 6 11 14
31 7 12 15
32 2 13 16
33 5 14 17
34 4 15 18
35 6 16 19
36 8 17 20
37 7 18 1
38 5 1 3
39 3 2 4
40 8 3 5
41 6 4 6
42 9 5 7
43 2 6 8
44 7 7 9
45 5 8 10
46 3 9 11
47 6 10 12
48 8 11 13
49 7 12 14
50 2 13 15
51 9 14 16
52 4 15 17
53 5 16 18
54 6 17 19
55 8 18 20
56 7 20 2
57 5 3 7
58 6 4 8
59 3 5 9
60 9 6 10
61 8 7 11
62 4 8 12
63 5 9 13
64 6 10 14
65 7 11 15
66 2 12 16
67 9 13 17
68 5 14 18
69 4 15 19
70 6 16 20
