60
1 -3 1 2
2 4 2 3
3 -5 3 4
4 6 4 5
5 -7 5 6
6 4 6 7
7 -3 7 1
8 8 2 4
9 -2 4 6
10 7 6 8
11 -1 8 2
12 3 9 10
13 -4 10 11
14 5 11 12
15 -6 12 13
16 2 13 14
17 -7 14 15
18 4 15 16
19 -3 16 17
20 6 17 18
21 -8 18 19
22 5 19 20
23 -2 20 1
24 3 2 5
25 -4 5 9
26 6 9 13
27 -5 13 17
28 4 17 2
29 -3 3 7
30 5 7 10
31 -7 10 14
32 2 14 18
33 -6 18 5
34 4 3 6
35 -3 6 9
36 7 9 12
37 -8 12 15
38 2 15 3
39 -4 1 8
40 5 8 11
41 -5 11 16
42 3 16 19
43 -7 19 4
44 6 4 13
45 -6 13 2
46 2 2 10
47 -9 10 7
48 8 7 17
49 -5 17 9
50 4 9 6
51 -4 5 12
52 7 12 20
53 -8 20 18
54 3 18 1
55 -2 1 15
56 5 15 11
57 -6 11 14
58 3 14 4
59 -5 4 8
60 2 8 3
