60
1 5 1 2
2 8 3 4
3 9 5 6
4 3 7 8
5 7 2 9
6 4 10 11
7 6 12 13
8 10 14 15
9 3 16 17
10 8 18 19
11 5 20 1
12 7 3 5
13 9 4 6
14 6 8 10
15 4 9 12
16 3 11 14
17 2 13 16
18 5 15 18
19 6 17 20
20 4 1 3
21 7 2 4
22 8 5 7
23 8 6 9
24 2 10 13
25 4 11 16
26 7 12 15
27 3 14 18
28 6 17 19
29 9 20 2
30 5 3 8
31 10 4 10
32 9 6 14
33 5 7 11
34 10 9 13
35 7 10 17
36 6 12 19
37 8 15 20
38 3 16 1
39 3 2 6
40 4 5 12
41 5 7 15
42 7 8 17
43 6 10 18
44 2 11 20
45 9 13 3
46 8 14 5
47 4 16 7
48 5 17 9
49 10 18 11
50 9 19 13
51 7 20 15
52 6 1 4
53 3 3 7
54 10 5 9
55 6 6 12
56 4 8 14
57 8 10 16
58 7 12 18
59 5 14 19
60 2 16 20