60
1 5 1 2
2 -8 1 3
3 9 1 4
4 3 1 5
5 -7 1 6
6 4 1 7
7 -6 1 8
8 10 1 9
9 -3 1 10
10 8 1 11
11 -5 1 12
12 7 1 13
13 -9 1 14
14 6 1 15
15 -4 1 16
16 3 1 17
17 -2 1 18
18 5 1 19
19 -6 1 20
20 4 2 3
21 -7 2 4
22 8 2 5
23 -8 2 6
24 2 2 7
25 -4 2 8
26 7 2 9
27 -3 2 10
28 6 2 11
29 -9 2 12
30 5 2 13
31 -10 2 14
32 9 2 15
33 -5 2 16
34 10 2 17
35 -7 2 18
36 6 2 19
37 -8 2 20
38 3 3 4
39 -3 3 5
40 4 3 6
41 -5 3 7
42 7 3 8
43 -6 3 9
44 2 3 10
45 -9 3 11
46 8 3 12
47 -4 3 13
48 5 3 14
49 -10 3 15
50 9 3 16
51 -7 3 17
52 6 3 18
53 -3 3 19
54 10 3 20
55 -6 4 5
56 4 4 6
57 -8 4 7
58 7 4 8
59 -5 4 9
60 2 4 10
